2
65
0 "Brasil"
1 "Portugal"
2 "Angola"
3 "Moçambique"
4 "Cabo_Verde"
5 "Guiné_Bissau"
6 "São_Tomé_Príncipe"
7 "Timor_Leste"
8 "Macau"
9 "Argentina"
10 "México"
11 "Espanha"
12 "Colômbia"
13 "Chile"
14 "Peru"
15 "Venezuela"
16 "Equador"
17 "Bolívia"
18 "Paraguai"
19 "Uruguai"
20 "Costa_Rica"
21 "Panamá"
22 "Honduras"
23 "El_Salvador"
24 "Nicaragua"
25 "Guatemala"
26 "Cuba"
27 "Rep_Dominicana"
28 "Porto_Rico"
29 "EUA"
30 "Reino_Unido"
31 "Canadá"
32 "Austrália"
33 "Nova_Zelândia"
34 "Irlanda"
35 "África_Sul"
36 "Índia"
37 "Nigéria"
38 "Filipinas"
39 "Singapura"
40 "França"
41 "Bélgica"
42 "Suíça"
43 "Luxemburgo"
44 "Mônaco"
45 "Senegal"
46 "Costa_Marfim"
47 "Burkina_Faso"
48 "Mali"
49 "Níger"
50 "Camarões"
51 "Gabão"
52 "Congo"
53 "Haiti"
54 "Alemanha"
55 "Itália"
56 "Japão"
57 "China"
58 "Coreia_Sul"
59 "Rússia"
60 "Egito"
61 "Arábia_Saudita"
62 "Emirados_Árabes"
63 "Marrocos"
64 "Argélia"
180
0 1 100
0 2 95
0 3 90
0 4 95
0 5 85
0 6 95
0 7 80
0 8 75
0 9 30
0 18 35
0 19 40
1 2 100
1 3 100
1 4 100
1 5 100
1 6 100
1 7 95
1 8 100
1 11 20
1 40 15
2 3 85
2 4 90
2 5 80
2 6 90
3 4 85
3 5 75
3 6 80
3 35 30
4 5 90
4 6 95
5 6 85
5 45 40
7 8 70
9 10 85
9 11 90
9 13 95
9 14 85
9 15 80
9 16 75
9 17 80
9 18 90
9 19 95
10 11 95
10 12 90
10 13 80
10 14 85
10 15 85
10 16 80
10 17 75
10 20 90
10 21 85
10 22 90
10 23 90
10 24 85
10 25 90
10 26 85
10 27 85
10 28 90
10 29 40
11 12 95
11 13 95
11 14 95
11 15 95
11 16 95
11 17 95
11 20 95
11 21 95
11 22 95
11 23 95
11 24 95
11 25 95
11 26 95
11 27 95
11 28 95
11 40 25
11 55 20
12 13 90
12 14 95
12 15 95
12 16 95
12 17 85
12 20 85
12 21 90
13 14 90
13 17 85
14 15 85
14 16 90
14 17 90
15 16 85
15 17 80
16 17 85
18 19 80
18 9 90
19 9 95
20 21 95
20 22 90
20 23 95
20 24 95
20 25 85
21 22 85
21 23 80
21 24 85
22 23 95
22 24 95
22 25 90
23 24 95
23 25 90
24 25 90
26 27 85
26 28 80
27 28 85
29 30 95
29 31 90
29 32 85
29 33 80
29 34 75
29 35 70
29 36 60
29 37 55
29 38 70
29 39 75
29 10 50
30 31 85
30 32 95
30 33 95
30 34 95
30 35 90
30 36 80
30 37 85
30 38 75
30 39 90
30 40 30
30 54 25
31 32 85
31 33 80
31 34 75
31 40 60
31 41 50
32 33 95
32 38 70
32 39 85
33 34 85
34 30 95
35 36 75
35 37 80
35 30 90
36 37 70
36 38 65
36 39 80
36 30 80
37 35 80
37 50 60
38 29 75
38 39 70
39 36 80
39 57 40
40 41 95
40 42 95
40 43 95
40 44 100
40 45 90
40 46 90
40 47 85
40 48 85
40 49 85
40 50 85
40 51 90
40 52 85
40 53 90
40 31 60
41 42 90
41 43 95
41 44 85
41 54 40
42 43 90
42 44 85
42 54 45
42 55 40
45 46 70
45 47 65
45 48 75
46 47 80
46 48 70
46 50 65
47 48 85
47 49 80
48 49 85
50 51 75
50 52 80
51 52 85
60 61 85
60 62 80
60 63 75
60 64 80
61 62 90
61 63 70
61 64 65
62 63 75
63 64 85
63 40 50
64 40 55
